0 0.289110 0.644211 0.045265 0.053842
0 0.396591 0.722321 0.036364 0.051820
0 0.475284 0.596436 0.045265 0.046259
0 0.717708 0.757457 0.057765 0.073559
0 0.423769 0.775025 0.046023 0.062690
0 0.292330 0.195905 0.035417 0.042973
0 0.229830 0.287664 0.043750 0.041962
0 0.187027 0.384353 0.035795 0.037664
0 0.300663 0.434277 0.045265 0.059656
0 0.137784 0.548407 0.039962 0.050809
0 0.060701 0.509100 0.030492 0.036906
0 0.113447 0.593908 0.038636 0.047776
0 0.222917 0.196158 0.038636 0.050556
0 0.321402 0.257331 0.032197 0.042973
0 0.682860 0.032735 0.050947 0.037664
0 0.863731 0.106926 0.030871 0.046006
0 0.873485 0.720298 0.025379 0.042214
