0 0.592992 0.263397 0.074621 0.092012
0 0.729072 0.177073 0.054735 0.080131
0 0.755492 0.099469 0.071212 0.078109
0 0.773769 0.288296 0.050947 0.073559
0 0.419981 0.603893 0.055114 0.066229
0 0.269318 0.674039 0.053788 0.049292
0 0.189299 0.859707 0.064583 0.075834
0 0.042803 0.769085 0.050758 0.052326
0 0.173295 0.534505 0.066288 0.080637
0 0.019034 0.277932 0.037689 0.073054
0 0.650568 0.790445 0.061742 0.088979
0 0.802273 0.654702 0.054545 0.059656
0 0.962216 0.222321 0.062689 0.064965
0 0.969697 0.291077 0.055682 0.064459
